
4412
3261

4994
1274

7230
3565

4435
1095

1643
941

12094
4816

1774
378

7129
2900

3421
1063

3974
2138

560
742

21133
7135

6755
2424

1361
1031

25750
4132

9736
2972

73
26

262
278

59
14

4178
1163

11854
1100

62
61

6874
1242

2113
958

1888
1160

1371
1041

3561
919

4797
2117

243
326

238
132

1543
1469

12
22

581
346

1235
1127

125
37

12943
2672

36
44

1251
567

13565
6883

24474
12246

3629
742

3419
1558

80
123

10839
1467

22
51

733
192

9109
3670

7481
2416

4974
2424

2909
1092

10841
4129

1615
778

6345
1612

11993
1740

2819
984

4321
2413

5073
726

-46
-228

27408
3774

164
133

2123
924

23
14

38
62

3524
1299

69
229

1732
853

4747
2103

3949
2677

147
100

1
3

202
268

3027
1935

158
167

7
0

157
370

166
148

174
174

33
28

3985
1514

101
329

4109
1309

55
148

3156
942

7300
1875

2436
733

7615
2249

1222
1007

4598
1543

212
383